3
4
5
10
14
16
17
19
21
23
27
28
29
33
35
36
37
40
43
45
46
47
50
52
54
57
60
61
62
63
66
68
70
72
73
74
75
77
79
80
81
82
87
92
93
97
98
100
101
102
105
108
109
111
119
123
124
125
127
128
130
133
134
135
139
140
142
143
144
149
150
151
152
154
156
158
159
162
163
164
165
166
168
169
172
173
178
181
183
185
186
188
191
195
196
197
199
203
205
206
207
208
212
214
216
221
222
225
226
229
232
233
234
236
245
246
249
250
251
252
253
254
257
258
260
261
262
264
267
268
270
271
273
276
277
278
281
283
284
285
286
288
293
294
295
296
298
301
302
303
305
306
307
308
310
313
314
317
318
321
322
326
327
328
329
330
331
333
335
336
339
342
344
345
346
349