0
1
2
6
7
8
9
11
12
13
15
18
20
22
24
25
26
30
31
32
34
38
39
41
42
44
48
49
51
53
55
56
58
59
64
65
67
69
71
76
78
83
84
85
86
88
89
90
91
94
95
96
99
103
104
106
107
110
112
113
114
115
116
117
118
120
121
122
126
129
131
132
136
137
138
141
145
146
147
148
153
155
157
160
161
167
170
171
174
175
176
177
179
180
182
184
187
189
190
192
193
194
198
200
201
202
204
209
210
211
213
215
217
218
219
220
223
224
227
228
230
231
235
237
238
239
240
241
242
243
244
247
248
255
256
259
263
265
266
269
272
274
275
279
280
282
287
289
290
291
292
297
299
300
304
309
311
312
315
316
319
320
323
324
325
332
334
337
338
340
341
343
347
348
350